{
  "metadata": {
    "num_folios": 30,
    "folio_order": [
      "f116v",
      "f57v",
      "f65r",
      "f65v",
      "f67r1",
      "f67r2",
      "f67v1",
      "f67v2",
      "f68r1",
      "f68r2",
      "f68r3",
      "f68v1",
      "f68v2",
      "f68v3",
      "f69r",
      "f69v",
      "f70r1",
      "f70r2",
      "f70v1",
      "f70v2",
      "f71r",
      "f71v",
      "f72r1",
      "f72r2",
      "f72r3",
      "f72v1",
      "f72v2",
      "f72v3",
      "f73r",
      "f73v"
    ],
    "metrics": [
      "vocab_jaccard",
      "feature_cosine",
      "placement_js",
      "combined"
    ]
  },
  "matrices": {
    "vocab_jaccard": [
      [
        1.0,
        0.0,
        0.0,
        0.0,
        0.0,
        0.0,
        0.0077,
        0.0,
        0.0,
        0.0077,
        0.0,
        0.0,
        0.0,
        0.0043,
        0.0053,
        0.0063,
        0.0,
        0.0038,
        0.0,
        0.0,
        0.0,
        0.0,
        0.0,
        0.0,
        0.0041,
        0.0,
        0.0,
        0.0,
        0.0,
        0.0
      ],
      [
        0.0,
        1.0,
        0.0,
        0.0284,
        0.0627,
        0.0466,
        0.0412,
        0.0299,
        0.0379,
        0.0327,
        0.0487,
        0.0644,
        0.0702,
        0.0534,
        0.0648,
        0.0763,
        0.0607,
        0.0572,
        0.0648,
        0.0804,
        0.0545,
        0.057,
        0.0342,
        0.0627,
        0.052,
        0.0605,
        0.0406,
        0.0559,
        0.0537,
        0.0383
      ],
      [
        0.0,
        0.0,
        1.0,
        0.0,
        0.005,
        0.0,
        0.0,
        0.0084,
        0.0,
        0.0,
        0.0,
        0.0,
        0.0073,
        0.0,
        0.0,
        0.0,
        0.0071,
        0.0038,
        0.0,
        0.0,
        0.0,
        0.0,
        0.0,
        0.0,
        0.0,
        0.0,
        0.0,
        0.0,
        0.0,
        0.0
      ],
      [
        0.0,
        0.0284,
        0.0,
        1.0,
        0.0324,
        0.021,
        0.0276,
        0.0235,
        0.0201,
        0.0164,
        0.039,
        0.0343,
        0.0378,
        0.0213,
        0.047,
        0.0437,
        0.0428,
        0.0355,
        0.0382,
        0.0211,
        0.0185,
        0.0235,
        0.0116,
        0.02,
        0.0241,
        0.0262,
        0.0238,
        0.0352,
        0.0273,
        0.0412
      ],
      [
        0.0,
        0.0627,
        0.005,
        0.0324,
        1.0,
        0.0665,
        0.0447,
        0.057,
        0.0464,
        0.0283,
        0.0631,
        0.0769,
        0.0639,
        0.0888,
        0.0935,
        0.0854,
        0.0839,
        0.0922,
        0.0629,
        0.085,
        0.0662,
        0.0642,
        0.0712,
        0.0849,
        0.0683,
        0.0564,
        0.0564,
        0.0416,
        0.0787,
        0.0426
      ],
      [
        0.0,
        0.0466,
        0.0,
        0.021,
        0.0665,
        1.0,
        0.046,
        0.0445,
        0.0345,
        0.04,
        0.0289,
        0.0621,
        0.0452,
        0.0519,
        0.0682,
        0.0708,
        0.0567,
        0.0572,
        0.0525,
        0.0606,
        0.0489,
        0.0571,
        0.0262,
        0.0611,
        0.0556,
        0.0389,
        0.0369,
        0.0325,
        0.031,
        0.038
      ],
      [
        0.0077,
        0.0412,
        0.0,
        0.0276,
        0.0447,
        0.046,
        1.0,
        0.0293,
        0.0419,
        0.0361,
        0.0364,
        0.063,
        0.0518,
        0.0435,
        0.0638,
        0.059,
        0.0595,
        0.0565,
        0.0352,
        0.0467,
        0.0487,
        0.0513,
        0.0249,
        0.0415,
        0.0453,
        0.0268,
        0.0287,
        0.0372,
        0.04,
        0.0375
      ],
      [
        0.0,
        0.0299,
        0.0084,
        0.0235,
        0.057,
        0.0445,
        0.0293,
        1.0,
        0.0192,
        0.025,
        0.0263,
        0.0299,
        0.037,
        0.0357,
        0.041,
        0.0456,
        0.0494,
        0.0525,
        0.0276,
        0.0414,
        0.0465,
        0.0446,
        0.0217,
        0.0353,
        0.0318,
        0.0323,
        0.03,
        0.0315,
        0.0206,
        0.0172
      ],
      [
        0.0,
        0.0379,
        0.0,
        0.0201,
        0.0464,
        0.0345,
        0.0419,
        0.0192,
        1.0,
        0.0228,
        0.0415,
        0.0429,
        0.0455,
        0.0316,
        0.0404,
        0.0285,
        0.0543,
        0.0346,
        0.0415,
        0.0487,
        0.0357,
        0.06,
        0.039,
        0.0254,
        0.0436,
        0.0263,
        0.0455,
        0.0341,
        0.032,
        0.0337
      ],
      [
        0.0077,
        0.0327,
        0.0,
        0.0164,
        0.0283,
        0.04,
        0.0361,
        0.025,
        0.0228,
        1.0,
        0.0478,
        0.0285,
        0.0312,
        0.0465,
        0.0673,
        0.059,
        0.0637,
        0.0342,
        0.0491,
        0.0397,
        0.0395,
        0.0513,
        0.0292,
        0.0337,
        0.0453,
        0.019,
        0.0287,
        0.0407,
        0.0359,
        0.0462
      ],
      [
        0.0,
        0.0487,
        0.0,
        0.039,
        0.0631,
        0.0289,
        0.0364,
        0.0263,
        0.0415,
        0.0478,
        1.0,
        0.0448,
        0.0543,
        0.078,
        0.065,
        0.0753,
        0.0769,
        0.0553,
        0.0565,
        0.059,
        0.0518,
        0.05,
        0.0458,
        0.0484,
        0.0476,
        0.0424,
        0.0261,
        0.0637,
        0.063,
        0.0455
      ],
      [
        0.0,
        0.0644,
        0.0,
        0.0343,
        0.0769,
        0.0621,
        0.063,
        0.0299,
        0.0429,
        0.0285,
        0.0448,
        1.0,
        0.0837,
        0.0823,
        0.1064,
        0.1016,
        0.0917,
        0.0899,
        0.09,
        0.0957,
        0.0642,
        0.0759,
        0.0476,
        0.0754,
        0.0737,
        0.0437,
        0.0562,
        0.0634,
        0.0897,
        0.0383
      ],
      [
        0.0,
        0.0702,
        0.0073,
        0.0378,
        0.0639,
        0.0452,
        0.0518,
        0.037,
        0.0455,
        0.0312,
        0.0543,
        0.0837,
        1.0,
        0.0609,
        0.0767,
        0.0772,
        0.0876,
        0.0668,
        0.057,
        0.0631,
        0.0658,
        0.0413,
        0.0455,
        0.0602,
        0.0563,
        0.0301,
        0.0464,
        0.0574,
        0.064,
        0.0625
      ],
      [
        0.0043,
        0.0534,
        0.0,
        0.0213,
        0.0888,
        0.0519,
        0.0435,
        0.0357,
        0.0316,
        0.0465,
        0.078,
        0.0823,
        0.0609,
        1.0,
        0.0855,
        0.0806,
        0.0758,
        0.0951,
        0.0631,
        0.0722,
        0.0694,
        0.0642,
        0.0544,
        0.0588,
        0.0656,
        0.0482,
        0.0457,
        0.0568,
        0.0554,
        0.0572
      ],
      [
        0.0053,
        0.0648,
        0.0,
        0.047,
        0.0935,
        0.0682,
        0.0638,
        0.041,
        0.0404,
        0.0673,
        0.065,
        0.1064,
        0.0767,
        0.0855,
        1.0,
        0.1344,
        0.1088,
        0.1106,
        0.1053,
        0.1036,
        0.1086,
        0.0932,
        0.0775,
        0.1242,
        0.0808,
        0.0757,
        0.0745,
        0.0765,
        0.085,
        0.0845
      ],
      [
        0.0063,
        0.0763,
        0.0,
        0.0437,
        0.0854,
        0.0708,
        0.059,
        0.0456,
        0.0285,
        0.059,
        0.0753,
        0.1016,
        0.0772,
        0.0806,
        0.1344,
        1.0,
        0.1128,
        0.0961,
        0.0864,
        0.082,
        0.1083,
        0.0784,
        0.0656,
        0.0932,
        0.0815,
        0.0645,
        0.0533,
        0.0874,
        0.0784,
        0.0859
      ],
      [
        0.0,
        0.0607,
        0.0071,
        0.0428,
        0.0839,
        0.0567,
        0.0595,
        0.0494,
        0.0543,
        0.0637,
        0.0769,
        0.0917,
        0.0876,
        0.0758,
        0.1088,
        0.1128,
        1.0,
        0.0924,
        0.0702,
        0.0731,
        0.0982,
        0.0714,
        0.0579,
        0.0878,
        0.0739,
        0.0778,
        0.0496,
        0.0569,
        0.076,
        0.0886
      ],
      [
        0.0038,
        0.0572,
        0.0038,
        0.0355,
        0.0922,
        0.0572,
        0.0565,
        0.0525,
        0.0346,
        0.0342,
        0.0553,
        0.0899,
        0.0668,
        0.0951,
        0.1106,
        0.0961,
        0.0924,
        1.0,
        0.0756,
        0.0951,
        0.0814,
        0.0855,
        0.0852,
        0.096,
        0.0933,
        0.0577,
        0.0657,
        0.0702,
        0.0618,
        0.0521
      ],
      [
        0.0,
        0.0648,
        0.0,
        0.0382,
        0.0629,
        0.0525,
        0.0352,
        0.0276,
        0.0415,
        0.0491,
        0.0565,
        0.09,
        0.057,
        0.0631,
        0.1053,
        0.0864,
        0.0702,
        0.0756,
        1.0,
        0.0778,
        0.0754,
        0.104,
        0.0769,
        0.1096,
        0.0712,
        0.0793,
        0.056,
        0.0717,
        0.0822,
        0.0561
      ],
      [
        0.0,
        0.0804,
        0.0,
        0.0211,
        0.085,
        0.0606,
        0.0467,
        0.0414,
        0.0487,
        0.0397,
        0.059,
        0.0957,
        0.0631,
        0.0722,
        0.1036,
        0.082,
        0.0731,
        0.0951,
        0.0778,
        1.0,
        0.0974,
        0.0824,
        0.0669,
        0.085,
        0.0787,
        0.0728,
        0.082,
        0.0645,
        0.0748,
        0.0445
      ],
      [
        0.0,
        0.0545,
        0.0,
        0.0185,
        0.0662,
        0.0489,
        0.0487,
        0.0465,
        0.0357,
        0.0395,
        0.0518,
        0.0642,
        0.0658,
        0.0694,
        0.1086,
        0.1083,
        0.0982,
        0.0814,
        0.0754,
        0.0974,
        1.0,
        0.0664,
        0.0711,
        0.0714,
        0.0675,
        0.0739,
        0.0556,
        0.0515,
        0.067,
        0.0507
      ],
      [
        0.0,
        0.057,
        0.0,
        0.0235,
        0.0642,
        0.0571,
        0.0513,
        0.0446,
        0.06,
        0.0513,
        0.05,
        0.0759,
        0.0413,
        0.0642,
        0.0932,
        0.0784,
        0.0714,
        0.0855,
        0.104,
        0.0824,
        0.0664,
        1.0,
        0.088,
        0.0909,
        0.0753,
        0.0667,
        0.0742,
        0.0612,
        0.0783,
        0.0487
      ],
      [
        0.0,
        0.0342,
        0.0,
        0.0116,
        0.0712,
        0.0262,
        0.0249,
        0.0217,
        0.039,
        0.0292,
        0.0458,
        0.0476,
        0.0455,
        0.0544,
        0.0775,
        0.0656,
        0.0579,
        0.0852,
        0.0769,
        0.0669,
        0.0711,
        0.088,
        1.0,
        0.0772,
        0.0687,
        0.0576,
        0.0534,
        0.0386,
        0.0506,
        0.0348
      ],
      [
        0.0,
        0.0627,
        0.0,
        0.02,
        0.0849,
        0.0611,
        0.0415,
        0.0353,
        0.0254,
        0.0337,
        0.0484,
        0.0754,
        0.0602,
        0.0588,
        0.1242,
        0.0932,
        0.0878,
        0.096,
        0.1096,
        0.085,
        0.0714,
        0.0909,
        0.0772,
        1.0,
        0.078,
        0.0752,
        0.0777,
        0.0943,
        0.0775,
        0.0553
      ],
      [
        0.0041,
        0.052,
        0.0,
        0.0241,
        0.0683,
        0.0556,
        0.0453,
        0.0318,
        0.0436,
        0.0453,
        0.0476,
        0.0737,
        0.0563,
        0.0656,
        0.0808,
        0.0815,
        0.0739,
        0.0933,
        0.0712,
        0.0787,
        0.0675,
        0.0753,
        0.0687,
        0.078,
        1.0,
        0.0587,
        0.0728,
        0.0691,
        0.048,
        0.0435
      ],
      [
        0.0,
        0.0605,
        0.0,
        0.0262,
        0.0564,
        0.0389,
        0.0268,
        0.0323,
        0.0263,
        0.019,
        0.0424,
        0.0437,
        0.0301,
        0.0482,
        0.0757,
        0.0645,
        0.0778,
        0.0577,
        0.0793,
        0.0728,
        0.0739,
        0.0667,
        0.0576,
        0.0752,
        0.0587,
        1.0,
        0.0569,
        0.0393,
        0.0757,
        0.0444
      ],
      [
        0.0,
        0.0406,
        0.0,
        0.0238,
        0.0564,
        0.0369,
        0.0287,
        0.03,
        0.0455,
        0.0287,
        0.0261,
        0.0562,
        0.0464,
        0.0457,
        0.0745,
        0.0533,
        0.0496,
        0.0657,
        0.056,
        0.082,
        0.0556,
        0.0742,
        0.0534,
        0.0777,
        0.0728,
        0.0569,
        1.0,
        0.0467,
        0.0625,
        0.0412
      ],
      [
        0.0,
        0.0559,
        0.0,
        0.0352,
        0.0416,
        0.0325,
        0.0372,
        0.0315,
        0.0341,
        0.0407,
        0.0637,
        0.0634,
        0.0574,
        0.0568,
        0.0765,
        0.0874,
        0.0569,
        0.0702,
        0.0717,
        0.0645,
        0.0515,
        0.0612,
        0.0386,
        0.0943,
        0.0691,
        0.0393,
        0.0467,
        1.0,
        0.0919,
        0.053
      ],
      [
        0.0,
        0.0537,
        0.0,
        0.0273,
        0.0787,
        0.031,
        0.04,
        0.0206,
        0.032,
        0.0359,
        0.063,
        0.0897,
        0.064,
        0.0554,
        0.085,
        0.0784,
        0.076,
        0.0618,
        0.0822,
        0.0748,
        0.067,
        0.0783,
        0.0506,
        0.0775,
        0.048,
        0.0757,
        0.0625,
        0.0919,
        1.0,
        0.0773
      ],
      [
        0.0,
        0.0383,
        0.0,
        0.0412,
        0.0426,
        0.038,
        0.0375,
        0.0172,
        0.0337,
        0.0462,
        0.0455,
        0.0383,
        0.0625,
        0.0572,
        0.0845,
        0.0859,
        0.0886,
        0.0521,
        0.0561,
        0.0445,
        0.0507,
        0.0487,
        0.0348,
        0.0553,
        0.0435,
        0.0444,
        0.0412,
        0.053,
        0.0773,
        1.0
      ]
    ],
    "feature_cosine": [
      [
        1.0,
        0.4432,
        0.5782,
        0.7766,
        0.6088,
        0.445,
        0.4772,
        0.2988,
        0.5467,
        0.4481,
        0.4798,
        0.4952,
        0.5346,
        0.534,
        0.5528,
        0.5495,
        0.5173,
        0.5995,
        0.3453,
        0.3584,
        0.3338,
        0.3759,
        0.3895,
        0.4094,
        0.3969,
        0.3568,
        0.3201,
        0.386,
        0.3953,
        0.4035
      ],
      [
        0.4432,
        1.0,
        0.4708,
        0.4242,
        0.6251,
        0.648,
        0.4655,
        0.5448,
        0.4713,
        0.4827,
        0.5969,
        0.5483,
        0.5935,
        0.6439,
        0.7119,
        0.6047,
        0.6262,
        0.6268,
        0.7446,
        0.8139,
        0.7374,
        0.7938,
        0.7839,
        0.8041,
        0.7878,
        0.7408,
        0.6977,
        0.7432,
        0.7541,
        0.78
      ],
      [
        0.5782,
        0.4708,
        1.0,
        0.4836,
        0.4955,
        0.383,
        0.4227,
        0.3257,
        0.3925,
        0.3406,
        0.465,
        0.4853,
        0.4535,
        0.4394,
        0.4819,
        0.6322,
        0.5032,
        0.4847,
        0.3505,
        0.3839,
        0.3234,
        0.3618,
        0.3734,
        0.3897,
        0.3467,
        0.3258,
        0.2889,
        0.3457,
        0.366,
        0.3819
      ],
      [
        0.7766,
        0.4242,
        0.4836,
        1.0,
        0.7862,
        0.6674,
        0.6169,
        0.5307,
        0.7856,
        0.7357,
        0.62,
        0.6242,
        0.7489,
        0.7122,
        0.6333,
        0.5977,
        0.6153,
        0.7523,
        0.5052,
        0.4744,
        0.4887,
        0.4952,
        0.4991,
        0.5056,
        0.5056,
        0.487,
        0.4909,
        0.5086,
        0.5137,
        0.4918
      ],
      [
        0.6088,
        0.6251,
        0.4955,
        0.7862,
        1.0,
        0.8763,
        0.7616,
        0.8161,
        0.8669,
        0.8658,
        0.9089,
        0.7706,
        0.9166,
        0.9083,
        0.9035,
        0.7244,
        0.8102,
        0.8418,
        0.7219,
        0.7198,
        0.7251,
        0.736,
        0.7388,
        0.7481,
        0.7586,
        0.7014,
        0.7134,
        0.719,
        0.7463,
        0.6906
      ],
      [
        0.445,
        0.648,
        0.383,
        0.6674,
        0.8763,
        1.0,
        0.7738,
        0.9229,
        0.8152,
        0.8632,
        0.8342,
        0.8719,
        0.9306,
        0.909,
        0.8823,
        0.8092,
        0.9117,
        0.8971,
        0.7411,
        0.7562,
        0.7607,
        0.7713,
        0.7727,
        0.767,
        0.7948,
        0.7188,
        0.744,
        0.731,
        0.7629,
        0.6945
      ],
      [
        0.4772,
        0.4655,
        0.4227,
        0.6169,
        0.7616,
        0.7738,
        1.0,
        0.7438,
        0.7824,
        0.7689,
        0.7959,
        0.7282,
        0.7566,
        0.7494,
        0.6458,
        0.6413,
        0.7747,
        0.6476,
        0.6682,
        0.6047,
        0.6592,
        0.6417,
        0.6371,
        0.6653,
        0.6899,
        0.6669,
        0.6833,
        0.6805,
        0.6868,
        0.6348
      ],
      [
        0.2988,
        0.5448,
        0.3257,
        0.5307,
        0.8161,
        0.9229,
        0.7438,
        1.0,
        0.7563,
        0.8486,
        0.8156,
        0.8387,
        0.851,
        0.8075,
        0.7629,
        0.7453,
        0.8316,
        0.7458,
        0.7227,
        0.6695,
        0.7312,
        0.7151,
        0.6945,
        0.7246,
        0.7806,
        0.7382,
        0.7634,
        0.737,
        0.7378,
        0.6579
      ],
      [
        0.5467,
        0.4713,
        0.3925,
        0.7856,
        0.8669,
        0.8152,
        0.7824,
        0.7563,
        1.0,
        0.9651,
        0.8323,
        0.6962,
        0.8996,
        0.89,
        0.6939,
        0.6395,
        0.7426,
        0.7155,
        0.7102,
        0.6517,
        0.6909,
        0.6684,
        0.6529,
        0.7079,
        0.7187,
        0.7005,
        0.7211,
        0.7202,
        0.7231,
        0.7062
      ],
      [
        0.4481,
        0.4827,
        0.3406,
        0.7357,
        0.8658,
        0.8632,
        0.7689,
        0.8486,
        0.9651,
        1.0,
        0.837,
        0.702,
        0.8877,
        0.8996,
        0.7071,
        0.6271,
        0.7345,
        0.7194,
        0.738,
        0.6697,
        0.7276,
        0.7001,
        0.6808,
        0.7278,
        0.7593,
        0.7338,
        0.7649,
        0.745,
        0.744,
        0.6998
      ],
      [
        0.4798,
        0.5969,
        0.465,
        0.62,
        0.9089,
        0.8342,
        0.7959,
        0.8156,
        0.8323,
        0.837,
        1.0,
        0.7672,
        0.8875,
        0.8711,
        0.8242,
        0.7183,
        0.8165,
        0.7321,
        0.7513,
        0.7245,
        0.7422,
        0.737,
        0.7321,
        0.7755,
        0.7831,
        0.7385,
        0.7522,
        0.7591,
        0.7748,
        0.7427
      ],
      [
        0.4952,
        0.5483,
        0.4853,
        0.6242,
        0.7706,
        0.8719,
        0.7282,
        0.8387,
        0.6962,
        0.702,
        0.7672,
        1.0,
        0.878,
        0.7742,
        0.8197,
        0.9389,
        0.961,
        0.8908,
        0.6538,
        0.6563,
        0.6617,
        0.6717,
        0.6844,
        0.6662,
        0.6637,
        0.6143,
        0.6291,
        0.6371,
        0.665,
        0.5951
      ],
      [
        0.5346,
        0.5935,
        0.4535,
        0.7489,
        0.9166,
        0.9306,
        0.7566,
        0.851,
        0.8996,
        0.8877,
        0.8875,
        0.878,
        1.0,
        0.9162,
        0.8677,
        0.8421,
        0.9167,
        0.8786,
        0.7423,
        0.7353,
        0.7335,
        0.735,
        0.7309,
        0.7562,
        0.7561,
        0.7078,
        0.7266,
        0.7323,
        0.754,
        0.7284
      ],
      [
        0.534,
        0.6439,
        0.4394,
        0.7122,
        0.9083,
        0.909,
        0.7494,
        0.8075,
        0.89,
        0.8996,
        0.8711,
        0.7742,
        0.9162,
        1.0,
        0.8837,
        0.7311,
        0.8406,
        0.8576,
        0.7573,
        0.7771,
        0.7728,
        0.7838,
        0.7912,
        0.798,
        0.7997,
        0.7273,
        0.7472,
        0.7517,
        0.7884,
        0.7314
      ],
      [
        0.5528,
        0.7119,
        0.4819,
        0.6333,
        0.9035,
        0.8823,
        0.6458,
        0.7629,
        0.6939,
        0.7071,
        0.8242,
        0.8197,
        0.8677,
        0.8837,
        1.0,
        0.8201,
        0.8817,
        0.9304,
        0.6683,
        0.7553,
        0.7032,
        0.7455,
        0.7746,
        0.7352,
        0.7124,
        0.612,
        0.6213,
        0.6414,
        0.6991,
        0.6262
      ],
      [
        0.5495,
        0.6047,
        0.6322,
        0.5977,
        0.7244,
        0.8092,
        0.6413,
        0.7453,
        0.6395,
        0.6271,
        0.7183,
        0.9389,
        0.8421,
        0.7311,
        0.8201,
        1.0,
        0.9519,
        0.8687,
        0.5934,
        0.6267,
        0.5938,
        0.6168,
        0.6328,
        0.6344,
        0.6007,
        0.5497,
        0.5451,
        0.5795,
        0.6069,
        0.5822
      ],
      [
        0.5173,
        0.6262,
        0.5032,
        0.6153,
        0.8102,
        0.9117,
        0.7747,
        0.8316,
        0.7426,
        0.7345,
        0.8165,
        0.961,
        0.9167,
        0.8406,
        0.8817,
        0.9519,
        1.0,
        0.9101,
        0.6963,
        0.7255,
        0.7098,
        0.7231,
        0.7381,
        0.7345,
        0.7162,
        0.6549,
        0.662,
        0.681,
        0.7167,
        0.6683
      ],
      [
        0.5995,
        0.6268,
        0.4847,
        0.7523,
        0.8418,
        0.8971,
        0.6476,
        0.7458,
        0.7155,
        0.7194,
        0.7321,
        0.8908,
        0.8786,
        0.8576,
        0.9304,
        0.8687,
        0.9101,
        1.0,
        0.6372,
        0.7105,
        0.6688,
        0.7046,
        0.7395,
        0.6775,
        0.6544,
        0.5662,
        0.5827,
        0.5951,
        0.6549,
        0.5679
      ],
      [
        0.3453,
        0.7446,
        0.3505,
        0.5052,
        0.7219,
        0.7411,
        0.6682,
        0.7227,
        0.7102,
        0.738,
        0.7513,
        0.6538,
        0.7423,
        0.7573,
        0.6683,
        0.5934,
        0.6963,
        0.6372,
        1.0,
        0.9543,
        0.9769,
        0.9702,
        0.9456,
        0.9718,
        0.9634,
        0.9688,
        0.9736,
        0.9752,
        0.9777,
        0.9533
      ],
      [
        0.3584,
        0.8139,
        0.3839,
        0.4744,
        0.7198,
        0.7562,
        0.6047,
        0.6695,
        0.6517,
        0.6697,
        0.7245,
        0.6563,
        0.7353,
        0.7771,
        0.7553,
        0.6267,
        0.7255,
        0.7105,
        0.9543,
        1.0,
        0.9585,
        0.9767,
        0.9718,
        0.9641,
        0.9363,
        0.9034,
        0.9062,
        0.9175,
        0.9452,
        0.9146
      ],
      [
        0.3338,
        0.7374,
        0.3234,
        0.4887,
        0.7251,
        0.7607,
        0.6592,
        0.7312,
        0.6909,
        0.7276,
        0.7422,
        0.6617,
        0.7335,
        0.7728,
        0.7032,
        0.5938,
        0.7098,
        0.6688,
        0.9769,
        0.9585,
        1.0,
        0.988,
        0.9771,
        0.9767,
        0.9646,
        0.9625,
        0.9642,
        0.9658,
        0.9809,
        0.9318
      ],
      [
        0.3759,
        0.7938,
        0.3618,
        0.4952,
        0.736,
        0.7713,
        0.6417,
        0.7151,
        0.6684,
        0.7001,
        0.737,
        0.6717,
        0.735,
        0.7838,
        0.7455,
        0.6168,
        0.7231,
        0.7046,
        0.9702,
        0.9767,
        0.988,
        1.0,
        0.991,
        0.9806,
        0.9658,
        0.9452,
        0.9488,
        0.9559,
        0.9763,
        0.9299
      ],
      [
        0.3895,
        0.7839,
        0.3734,
        0.4991,
        0.7388,
        0.7727,
        0.6371,
        0.6945,
        0.6529,
        0.6808,
        0.7321,
        0.6844,
        0.7309,
        0.7912,
        0.7746,
        0.6328,
        0.7381,
        0.7395,
        0.9456,
        0.9718,
        0.9771,
        0.991,
        1.0,
        0.9678,
        0.9448,
        0.9134,
        0.9185,
        0.9262,
        0.9607,
        0.9002
      ],
      [
        0.4094,
        0.8041,
        0.3897,
        0.5056,
        0.7481,
        0.767,
        0.6653,
        0.7246,
        0.7079,
        0.7278,
        0.7755,
        0.6662,
        0.7562,
        0.798,
        0.7352,
        0.6344,
        0.7345,
        0.6775,
        0.9718,
        0.9641,
        0.9767,
        0.9806,
        0.9678,
        1.0,
        0.9799,
        0.9682,
        0.9624,
        0.9791,
        0.9873,
        0.9666
      ],
      [
        0.3969,
        0.7878,
        0.3467,
        0.5056,
        0.7586,
        0.7948,
        0.6899,
        0.7806,
        0.7187,
        0.7593,
        0.7831,
        0.6637,
        0.7561,
        0.7997,
        0.7124,
        0.6007,
        0.7162,
        0.6544,
        0.9634,
        0.9363,
        0.9646,
        0.9658,
        0.9448,
        0.9799,
        1.0,
        0.9801,
        0.9803,
        0.9823,
        0.9871,
        0.9555
      ],
      [
        0.3568,
        0.7408,
        0.3258,
        0.487,
        0.7014,
        0.7188,
        0.6669,
        0.7382,
        0.7005,
        0.7338,
        0.7385,
        0.6143,
        0.7078,
        0.7273,
        0.612,
        0.5497,
        0.6549,
        0.5662,
        0.9688,
        0.9034,
        0.9625,
        0.9452,
        0.9134,
        0.9682,
        0.9801,
        1.0,
        0.9906,
        0.9946,
        0.9813,
        0.9686
      ],
      [
        0.3201,
        0.6977,
        0.2889,
        0.4909,
        0.7134,
        0.744,
        0.6833,
        0.7634,
        0.7211,
        0.7649,
        0.7522,
        0.6291,
        0.7266,
        0.7472,
        0.6213,
        0.5451,
        0.662,
        0.5827,
        0.9736,
        0.9062,
        0.9642,
        0.9488,
        0.9185,
        0.9624,
        0.9803,
        0.9906,
        1.0,
        0.9913,
        0.9821,
        0.9548
      ],
      [
        0.386,
        0.7432,
        0.3457,
        0.5086,
        0.719,
        0.731,
        0.6805,
        0.737,
        0.7202,
        0.745,
        0.7591,
        0.6371,
        0.7323,
        0.7517,
        0.6414,
        0.5795,
        0.681,
        0.5951,
        0.9752,
        0.9175,
        0.9658,
        0.9559,
        0.9262,
        0.9791,
        0.9823,
        0.9946,
        0.9913,
        1.0,
        0.9878,
        0.9762
      ],
      [
        0.3953,
        0.7541,
        0.366,
        0.5137,
        0.7463,
        0.7629,
        0.6868,
        0.7378,
        0.7231,
        0.744,
        0.7748,
        0.665,
        0.754,
        0.7884,
        0.6991,
        0.6069,
        0.7167,
        0.6549,
        0.9777,
        0.9452,
        0.9809,
        0.9763,
        0.9607,
        0.9873,
        0.9871,
        0.9813,
        0.9821,
        0.9878,
        1.0,
        0.9671
      ],
      [
        0.4035,
        0.78,
        0.3819,
        0.4918,
        0.6906,
        0.6945,
        0.6348,
        0.6579,
        0.7062,
        0.6998,
        0.7427,
        0.5951,
        0.7284,
        0.7314,
        0.6262,
        0.5822,
        0.6683,
        0.5679,
        0.9533,
        0.9146,
        0.9318,
        0.9299,
        0.9002,
        0.9666,
        0.9555,
        0.9686,
        0.9548,
        0.9762,
        0.9671,
        1.0
      ]
    ],
    "placement_js": [
      [
        1.0,
        0.0,
        0.0,
        1.0,
        0.602,
        0.4989,
        0.0,
        0.0,
        0.687,
        0.6887,
        0.0,
        0.0,
        0.5383,
        0.5712,
        0.4255,
        0.0,
        0.0,
        0.6783,
        0.0,
        0.0,
        0.0,
        0.0,
        0.0,
        0.0,
        0.0,
        0.0,
        0.0,
        0.0,
        0.0,
        0.0
      ],
      [
        0.0,
        1.0,
        0.0,
        0.0,
        0.0,
        0.1097,
        0.1838,
        0.0,
        0.0858,
        0.0,
        0.0613,
        0.0668,
        0.0,
        0.0,
        0.0,
        0.0,
        0.1198,
        0.0,
        0.5915,
        0.6952,
        0.8085,
        0.7505,
        0.7962,
        0.7644,
        0.8019,
        0.798,
        0.7318,
        0.7609,
        0.7673,
        0.7411
      ],
      [
        0.0,
        0.0,
        1.0,
        0.0,
        0.0,
        0.1733,
        0.0,
        0.3529,
        0.0,
        0.3257,
        0.0,
        0.0,
        0.0,
        0.0635,
        0.0,
        0.4364,
        0.0,
        0.0,
        0.0,
        0.0,
        0.0,
        0.0,
        0.0,
        0.0,
        0.0,
        0.0,
        0.0,
        0.0,
        0.0,
        0.0
      ],
      [
        1.0,
        0.0,
        0.0,
        1.0,
        0.602,
        0.4989,
        0.0,
        0.0,
        0.687,
        0.6887,
        0.0,
        0.0,
        0.5383,
        0.5712,
        0.4255,
        0.0,
        0.0,
        0.6783,
        0.0,
        0.0,
        0.0,
        0.0,
        0.0,
        0.0,
        0.0,
        0.0,
        0.0,
        0.0,
        0.0,
        0.0
      ],
      [
        0.602,
        0.0,
        0.0,
        0.602,
        1.0,
        0.3394,
        0.0,
        0.3844,
        0.6421,
        0.6333,
        0.4545,
        0.0,
        0.7348,
        0.557,
        0.842,
        0.0,
        0.0,
        0.439,
        0.0,
        0.0,
        0.0,
        0.0,
        0.0,
        0.0,
        0.0,
        0.0,
        0.0,
        0.0,
        0.0,
        0.0
      ],
      [
        0.4989,
        0.1097,
        0.1733,
        0.4989,
        0.3394,
        1.0,
        0.3767,
        0.6008,
        0.5152,
        0.471,
        0.0933,
        0.6936,
        0.7424,
        0.3561,
        0.6031,
        0.6901,
        0.7912,
        0.8534,
        0.0,
        0.0334,
        0.0,
        0.0,
        0.0,
        0.0,
        0.0,
        0.0,
        0.0,
        0.0,
        0.0,
        0.0
      ],
      [
        0.0,
        0.1838,
        0.0,
        0.0,
        0.0,
        0.3767,
        1.0,
        0.0,
        0.2478,
        0.0,
        0.1865,
        0.2139,
        0.0,
        0.0,
        0.0,
        0.0,
        0.457,
        0.0,
        0.0,
        0.0,
        0.0,
        0.0,
        0.0,
        0.0,
        0.0,
        0.0,
        0.0,
        0.0,
        0.0,
        0.0
      ],
      [
        0.0,
        0.0,
        0.3529,
        0.0,
        0.3844,
        0.6008,
        0.0,
        1.0,
        0.1511,
        0.3066,
        0.2758,
        0.6643,
        0.7401,
        0.1779,
        0.7289,
        0.851,
        0.6429,
        0.5357,
        0.0,
        0.0348,
        0.0,
        0.0,
        0.0,
        0.0,
        0.0,
        0.0,
        0.0,
        0.0,
        0.0,
        0.0
      ],
      [
        0.687,
        0.0858,
        0.0,
        0.687,
        0.6421,
        0.5152,
        0.2478,
        0.1511,
        1.0,
        0.8694,
        0.0709,
        0.0776,
        0.5594,
        0.7626,
        0.4684,
        0.0,
        0.155,
        0.4924,
        0.0,
        0.0,
        0.0,
        0.0,
        0.0,
        0.0,
        0.0,
        0.0,
        0.0,
        0.0,
        0.0,
        0.0
      ],
      [
        0.6887,
        0.0,
        0.3257,
        0.6887,
        0.6333,
        0.471,
        0.0,
        0.3066,
        0.8694,
        1.0,
        0.0,
        0.0,
        0.5531,
        0.7832,
        0.4628,
        0.1886,
        0.0,
        0.4934,
        0.0,
        0.0,
        0.0,
        0.0,
        0.0,
        0.0,
        0.0,
        0.0,
        0.0,
        0.0,
        0.0,
        0.0
      ],
      [
        0.0,
        0.0613,
        0.0,
        0.0,
        0.4545,
        0.0933,
        0.1865,
        0.2758,
        0.0709,
        0.0,
        1.0,
        0.1757,
        0.2621,
        0.0,
        0.4281,
        0.0,
        0.0929,
        0.0,
        0.0,
        0.0,
        0.0,
        0.0,
        0.0,
        0.0,
        0.0,
        0.0,
        0.0,
        0.0,
        0.0,
        0.0
      ],
      [
        0.0,
        0.0668,
        0.0,
        0.0,
        0.0,
        0.6936,
        0.2139,
        0.6643,
        0.0776,
        0.0,
        0.1757,
        1.0,
        0.5603,
        0.0,
        0.4374,
        0.7806,
        0.8741,
        0.6334,
        0.0,
        0.0373,
        0.0,
        0.0,
        0.0,
        0.0,
        0.0,
        0.0,
        0.0,
        0.0,
        0.0,
        0.0
      ],
      [
        0.5383,
        0.0,
        0.0,
        0.5383,
        0.7348,
        0.7424,
        0.0,
        0.7401,
        0.5594,
        0.5531,
        0.2621,
        0.5603,
        1.0,
        0.4884,
        0.9426,
        0.5491,
        0.5436,
        0.8567,
        0.0,
        0.0328,
        0.0,
        0.0,
        0.0,
        0.0,
        0.0,
        0.0,
        0.0,
        0.0,
        0.0,
        0.0
      ],
      [
        0.5712,
        0.0,
        0.0635,
        0.5712,
        0.557,
        0.3561,
        0.0,
        0.1779,
        0.7626,
        0.7832,
        0.0,
        0.0,
        0.4884,
        1.0,
        0.4134,
        0.0458,
        0.0,
        0.4193,
        0.0,
        0.0,
        0.0,
        0.0,
        0.0,
        0.0,
        0.0,
        0.0,
        0.0,
        0.0,
        0.0,
        0.0
      ],
      [
        0.4255,
        0.0,
        0.0,
        0.4255,
        0.842,
        0.6031,
        0.0,
        0.7289,
        0.4684,
        0.4628,
        0.4281,
        0.4374,
        0.9426,
        0.4134,
        1.0,
        0.4295,
        0.4256,
        0.6882,
        0.0,
        0.0299,
        0.0,
        0.0,
        0.0,
        0.0,
        0.0,
        0.0,
        0.0,
        0.0,
        0.0,
        0.0
      ],
      [
        0.0,
        0.0,
        0.4364,
        0.0,
        0.0,
        0.6901,
        0.0,
        0.851,
        0.0,
        0.1886,
        0.0,
        0.7806,
        0.5491,
        0.0458,
        0.4295,
        1.0,
        0.7537,
        0.6201,
        0.0,
        0.0369,
        0.0,
        0.0,
        0.0,
        0.0,
        0.0,
        0.0,
        0.0,
        0.0,
        0.0,
        0.0
      ],
      [
        0.0,
        0.1198,
        0.0,
        0.0,
        0.0,
        0.7912,
        0.457,
        0.6429,
        0.155,
        0.0,
        0.0929,
        0.8741,
        0.5436,
        0.0,
        0.4256,
        0.7537,
        1.0,
        0.6135,
        0.0,
        0.0368,
        0.0,
        0.0,
        0.0,
        0.0,
        0.0,
        0.0,
        0.0,
        0.0,
        0.0,
        0.0
      ],
      [
        0.6783,
        0.0,
        0.0,
        0.6783,
        0.439,
        0.8534,
        0.0,
        0.5357,
        0.4924,
        0.4934,
        0.0,
        0.6334,
        0.8567,
        0.4193,
        0.6882,
        0.6201,
        0.6135,
        1.0,
        0.0,
        0.0343,
        0.0,
        0.0,
        0.0,
        0.0,
        0.0,
        0.0,
        0.0,
        0.0,
        0.0,
        0.0
      ],
      [
        0.0,
        0.5915,
        0.0,
        0.0,
        0.0,
        0.0,
        0.0,
        0.0,
        0.0,
        0.0,
        0.0,
        0.0,
        0.0,
        0.0,
        0.0,
        0.0,
        0.0,
        0.0,
        1.0,
        0.8463,
        0.8933,
        0.9156,
        0.8774,
        0.9045,
        0.8925,
        0.8953,
        0.9322,
        0.9132,
        0.9383,
        0.9244
      ],
      [
        0.0,
        0.6952,
        0.0,
        0.0,
        0.0,
        0.0334,
        0.0,
        0.0348,
        0.0,
        0.0,
        0.0,
        0.0373,
        0.0328,
        0.0,
        0.0299,
        0.0369,
        0.0368,
        0.0343,
        0.8463,
        1.0,
        0.8787,
        0.8985,
        0.8858,
        0.9303,
        0.9524,
        0.8959,
        0.9244,
        0.9092,
        0.9093,
        0.9132
      ],
      [
        0.0,
        0.8085,
        0.0,
        0.0,
        0.0,
        0.0,
        0.0,
        0.0,
        0.0,
        0.0,
        0.0,
        0.0,
        0.0,
        0.0,
        0.0,
        0.0,
        0.0,
        0.0,
        0.8933,
        0.8787,
        1.0,
        0.9888,
        0.9956,
        0.9876,
        0.9794,
        0.9988,
        0.9824,
        0.9908,
        0.9895,
        0.9874
      ],
      [
        0.0,
        0.7505,
        0.0,
        0.0,
        0.0,
        0.0,
        0.0,
        0.0,
        0.0,
        0.0,
        0.0,
        0.0,
        0.0,
        0.0,
        0.0,
        0.0,
        0.0,
        0.0,
        0.9156,
        0.8985,
        0.9888,
        1.0,
        0.9934,
        0.9935,
        0.9784,
        0.9924,
        0.9952,
        0.9994,
        0.9866,
        0.993
      ],
      [
        0.0,
        0.7962,
        0.0,
        0.0,
        0.0,
        0.0,
        0.0,
        0.0,
        0.0,
        0.0,
        0.0,
        0.0,
        0.0,
        0.0,
        0.0,
        0.0,
        0.0,
        0.0,
        0.8774,
        0.8858,
        0.9956,
        0.9934,
        1.0,
        0.9913,
        0.9793,
        0.9974,
        0.9843,
        0.9945,
        0.9804,
